{
  "study": "T44 full segmented-array thermal phase-noise falsification",
  "config": {
    "energy_eV": 30000.0,
    "path_length_m": 2.9999999999999997e-05,
    "temperature_K": 4.0,
    "resistance_ohm": 50.0,
    "capacitance_F": 1e-13,
    "phase_budget_rad": 0.05,
    "mass_kg": 6.6464731e-27,
    "charge_e": 1.0
  },
  "selected_electrode_correlation": 0.0,
  "electrode_correlation_model": "frequency-independent equicorrelation",
  "field_solve": [
    {
      "driven_segment": 0,
      "iterations": 190,
      "relative_residual": 9.002444723844496e-10
    },
    {
      "driven_segment": 1,
      "iterations": 187,
      "relative_residual": 9.544675691957237e-10
    },
    {
      "driven_segment": 2,
      "iterations": 190,
      "relative_residual": 9.00244477044914e-10
    },
    {
      "driven_segment": 3,
      "iterations": 187,
      "relative_residual": 9.54467574777759e-10
    },
    {
      "driven_segment": 4,
      "iterations": 169,
      "relative_residual": 9.155129449044425e-10
    },
    {
      "driven_segment": 5,
      "iterations": 187,
      "relative_residual": 9.544675688622272e-10
    },
    {
      "driven_segment": 6,
      "iterations": 190,
      "relative_residual": 9.002444692313635e-10
    },
    {
      "driven_segment": 7,
      "iterations": 187,
      "relative_residual": 9.544675847173208e-10
    },
    {
      "driven_segment": 8,
      "iterations": 190,
      "relative_residual": 9.002444600881602e-10
    }
  ],
  "result": {
    "decision": "falsified",
    "worst_pair_indices": [
      2,
      6
    ],
    "worst_pair_centers_m": [
      [
        -8e-06,
        8e-06
      ],
      [
        8e-06,
        -8e-06
      ]
    ],
    "worst_pair_phase_rms_rad": 0.17509639567732063,
    "phase_budget_rad": 0.05,
    "budget_ratio": 3.5019279135464125,
    "maximum_normalized_observable_mode_rms_rad": 0.13080938382537763,
    "maximum_resistance_ohm": 2.0258337867753347,
    "required_electrode_correlation": 0.9184641956555554,
    "perfect_common_mode_worst_pair_rms_rad": 0.007736284370144827
  },
  "dc_influence_rad_per_V": [
    [
      -6511.450291253645,
      -365.6363287005936,
      -4.069265863627752,
      -365.6363287005936,
      -56.28987906038598,
      -1.292195517508395,
      -4.069265863627752,
      -1.2921955175083948,
      -0.11155944659199174
    ],
    [
      -366.890813592745,
      -6325.0039674380005,
      -358.9326683985942,
      -56.8688734651998,
      -349.1246279086477,
      -55.18284118683741,
      -1.3336577310329025,
      -3.7855222569537146,
      -1.311274693775138
    ],
    [
      -3.9705279626200842,
      -356.47354529143206,
      -6516.186038623214,
      -1.265947681734374,
      -55.40381779132171,
      -368.87206990309096,
      -0.10999810028894617,
      -1.28518151051179,
      -4.101894190799079
    ],
    [
      -366.890813592745,
      -56.86887346519979,
      -1.3336577310329025,
      -6325.0039674380005,
      -349.1246279086477,
      -3.7855222569537146,
      -358.9326683985942,
      -55.18284118683741,
      -1.311274693775138
    ],
    [
      -58.671791545245085,
      -357.11682973680655,
      -56.58319244205863,
      -357.11682973680666,
      -6132.908451670029,
      -341.3038537725993,
      -56.583192442058625,
      -341.3038537725993,
      -54.49459333887215
    ],
    [
      -1.304611883989091,
      -55.59918390274194,
      -366.26240572441947,
      -3.7180421635258485,
      -342.53972617408675,
      -6326.279736364976,
      -1.304611883989091,
      -55.59918390274193,
      -366.2624057244195
    ],
    [
      -3.9705279626200842,
      -1.265947681734374,
      -0.10999810028894617,
      -356.4735452914322,
      -55.40381779132171,
      -1.28518151051179,
      -6516.186038623213,
      -368.87206990309085,
      -4.101894190799079
    ],
    [
      -1.304611883989091,
      -3.718042163525848,
      -1.304611883989091,
      -55.59918390274194,
      -342.53972617408687,
      -55.59918390274194,
      -366.2624057244195,
      -6326.279736364976,
      -366.2624057244195
    ],
    [
      -0.10825572832757648,
      -1.257005451968458,
      -3.9993238507284357,
      -1.2570054519684584,
      -54.41502478091666,
      -359.36568984426776,
      -3.9993238507284357,
      -359.3656898442677,
      -6521.470858151572
    ]
  ],
  "pairwise_phase_rms_rad": [
    [
      0.0,
      0.16367045880955153,
      0.17481166464722017,
      0.16367045880955153,
      0.16867956496607703,
      0.17274516165863227,
      0.17481166464722014,
      0.1727451616586323,
      0.17509302145943204
    ],
    [
      0.16367045880955153,
      0.0,
      0.1638670308618944,
      0.16876851261002135,
      0.15923562010195538,
      0.1687655146721416,
      0.17276229916286848,
      0.17022964211054625,
      0.17272855863953832
    ],
    [
      0.17481166464722017,
      0.1638670308618944,
      0.0,
      0.17276229916286848,
      0.16869934224318597,
      0.1635588308461544,
      0.17509639567732063,
      0.17271331116125993,
      0.17474035507427532
    ],
    [
      0.16367045880955153,
      0.16876851261002135,
      0.17276229916286848,
      0.0,
      0.15923562010195538,
      0.17022964211054625,
      0.1638670308618944,
      0.1687655146721416,
      0.17272855863953832
    ],
    [
      0.16867956496607703,
      0.15923562010195538,
      0.16869934224318597,
      0.15923562010195538,
      0.0,
      0.159486206114419,
      0.16869934224318597,
      0.15948620611441902,
      0.16871676356403048
    ],
    [
      0.17274516165863227,
      0.1687655146721416,
      0.1635588308461544,
      0.17022964211054625,
      0.159486206114419,
      0.0,
      0.1727133111612599,
      0.16870965020291742,
      0.16364907132223203
    ],
    [
      0.17481166464722014,
      0.17276229916286848,
      0.17509639567732063,
      0.1638670308618944,
      0.16869934224318597,
      0.1727133111612599,
      0.0,
      0.1635588308461544,
      0.1747403550742753
    ],
    [
      0.1727451616586323,
      0.17022964211054625,
      0.17271331116125993,
      0.1687655146721416,
      0.15948620611441902,
      0.16870965020291742,
      0.1635588308461544,
      0.0,
      0.16364907132223203
    ],
    [
      0.17509302145943204,
      0.17272855863953832,
      0.17474035507427532,
      0.17272855863953832,
      0.16871676356403048,
      0.16364907132223203,
      0.1747403550742753,
      0.16364907132223203,
      0.0
    ]
  ],
  "scope_limits": [
    "All nine T31 electrode-to-aperture axial responses are included.",
    "Every channel is assigned the same classical R, C, and temperature.",
    "The channel correlation is frequency independent; measured cross-spectra must replace it for qualification.",
    "The gate tests the worst pairwise aperture phase, not deposition performance."
  ]
}